Epoch: 199
Loss: 1.0922796687216156
Accuracy: 0.814307451248169
Val loss: 1.2114651687217481
Val accuracy: 0.689393937587738
